var data=[
['Sub continents', 'HP','MP', 'LP_SC', 'Richness'],
[' Eastern Asia ',62.5766871165644,37.4233128834356,0,3826],
[' Southern Asia ',62.0668693009119,37.9331306990881,0,3042],
[' South America ',33.605812897366,66.394187102634,0,2467],
[' Northern America ',56.2058526740666,43.7941473259334,0,2448],
[' South-Eastern Asia ',75.2665245202559,24.7334754797441,0,2357],
[' Western Asia ',34.1416100872939,65.7613967022308,0.0969932104752667,2274],
[' Eastern Europe ',28.7549407114625,71.2450592885375,0,2258],
[' Southern Europe ',15.5484558040469,84.4515441959531,0,2244],
[' Central America ',37.5709421112372,62.4290578887628,0,2141],
[' Western Europe ',46.1538461538462,53.8461538461538,0,1771],
[' Northern Africa ',32.7272727272727,67.2727272727273,0,1724],
[' Eastern Africa ',51.7291066282421,48.1268011527378,0.144092219020173,1352],
[' Australia and New Zealand ',46.1538461538462,53.8461538461538,0,1218],
[' Southern Africa ',49.6385542168675,50.3614457831325,0,1210],
[' Northern Europe ',6.56063618290259,93.4393638170974,0,1046],
[' Central Asia ',35.2577319587629,64.5360824742268,0.206185567010309,1018],
[' Middle Africa ',48.4320557491289,51.5679442508711,0,965],
[' Caribbean ',25.7142857142857,74.2857142857143,0,806],
[' Western Africa ',52.0161290322581,47.9838709677419,0,783],
[' Melanesia ',73.5955056179775,26.4044943820225,0,602],
[' Micronesia ',82.6666666666667,17.3333333333333,0,133],
[' Polynesia ',85.2459016393443,14.7540983606557,0,108]
];






















